# Position (bp)	A	C	G	T	N
0.0	19.883281728805674	28.531251163580144	36.64976443093254	14.926079717752327	0.009622958929308003
1.0	20.420547483499526	28.757414876707653	26.22577879477033	24.592777171440027	0.0034816735824631973
2.0	20.255192166621292	31.67324396715428	26.580184151518566	21.490702722620387	6.769920854789549E-4
3.0	17.90327330508987	34.72239214186273	23.673494454225903	23.7008400988215	0.0
4.0	25.941200335981502	24.537312177008285	25.079413589455555	24.442073897554657	0.0
5.0	24.69942760319173	23.435169061848544	35.05179714802577	16.813291869179984	3.1431775397237194E-4
6.0	22.976506923936554	26.095046787406595	32.38290092075759	18.543804531108027	0.0017408367912315986
7.0	24.86524230755654	26.412386827474855	30.041233653663426	18.681137211305188	0.0
8.0	17.205632961003804	35.54716192828623	28.323438771626876	18.923572912772954	1.934263101368443E-4
9.0	22.146514627139354	28.666988076718674	25.421028631445992	23.765468664695973	0.0
10.0	19.693095309363624	26.244855464607582	35.25286379741302	18.808677684551668	5.077440641092163E-4
11.0	20.972054250277203	29.29661489450287	27.59528542711672	22.1360454281032	0.0
12.0	18.7258912238131	28.681156553936198	32.54269523121939	20.05023281274254	2.417828876710554E-5
13.0	19.066490777675316	32.95834419341471	27.331500296667606	20.64339877106594	2.659611764381609E-4
14.0	21.97915251229345	29.17125046724543	29.44649610657016	19.40307673560219	2.417828876710554E-5
15.0	21.732533966868974	28.78004575499366	29.171879102753373	20.315541175383988	0.0
16.0	21.46425167470917	28.61751929790118	28.523393219730835	21.39452148990484	3.1431775397237194E-4
17.0	21.30261981430107	28.53896403769685	28.606953385709954	21.55146276229212	0.0
18.0	21.200079691639775	28.729875805801917	28.587707467851338	21.482337034706966	0.0
19.0	21.25895020670039	28.605844671752816	28.72543060365025	21.409774517896548	0.0
20.0	21.230274728489643	28.764986322328816	28.838826887637097	21.165912061544443	0.0
21.0	21.427029196542016	28.506710090946786	28.900067336648185	21.166072484214574	1.2089164844225066E-4
22.0	21.34116324929907	28.64200862103149	29.158022907533297	20.858007336677684	7.978854584649845E-4
23.0	21.317523572713824	28.61177883743568	29.075689458660527	20.994983952807665	2.417838230181101E-5
24.0	21.10710931825633	28.826085779139078	29.080805159862706	20.9859513859539	4.835678798740016E-5
25.0	21.0144296794909	29.015188881796554	28.772606820247976	21.197774618464575	0.0
26.0	20.955855507773606	29.059352724111072	28.615533480112514	21.36925828800281	0.0
27.0	21.015842190294876	29.016653618374445	28.565459953509713	21.401101279087253	9.429587337079701E-4
28.0	21.147208708491974	28.848717225224778	28.65790101687244	21.346173049410808	0.0
29.0	21.29840676126081	28.73545515321277	28.706755337089856	21.25928603465013	9.671378642936328E-5
30.0	21.457361057314053	28.597499851302516	28.79728640392426	21.147852687459167	0.0
31.0	21.534956773699996	28.538811791751655	28.693384862525956	21.232798215047335	4.835697505843941E-5
32.0	21.45075347457123	28.5785750449841	28.66049180034556	21.31017968009911	0.0
33.0	20.807625519173325	28.799546024059563	28.787118263440476	21.605323336964947	3.868563616836182E-4
34.0	19.83427553028953	29.314458929263537	29.04716529723511	21.804100243211817	0.0
35.0	20.022853556143417	28.408720812573033	31.092635482636304	20.475572541785958	2.176068612894077E-4
36.0	20.348930268589797	29.87404428252341	30.852066467790067	18.92495898109673	0.0
37.0	21.107655719884097	29.929654768214224	29.116455764759586	19.84623374714209	0.0
38.0	20.44966575367903	31.44033471055197	27.81935707874905	20.29030395524813	3.385017718149885E-4
39.0	21.261339723724085	30.38420926772689	27.34638798411816	21.008063024430864	0.0
40.0	21.2734724472278	26.85862127330319	32.12498488768528	19.7426070556375	3.143361462388471E-4
41.0	18.927003529310493	29.114200130958796	30.852378294885547	21.106418044845164	0.0
42.0	18.672629496907355	31.142222931507245	26.374787818996907	23.80830443802864	0.002055314559848342
43.0	17.869794068437827	33.48800588479527	24.882508427836417	23.759304715888632	3.8690304185589653E-4
44.0	20.71061122569999	30.044727961543288	24.103487503818847	25.141173308937876	0.0
45.0	23.954608082967034	24.46765235968629	29.750608052924772	21.827107276792667	2.4227629236836945E-5
46.0	22.450503492109288	25.27675867709389	33.15299631901241	19.119301406990576	4.401047938414669E-4
47.0	22.89957097284274	26.46723936008707	30.294103439709456	20.338642610125515	4.436172352196595E-4
48.0	19.668189095296867	31.352327708924	28.856413916568414	20.119914667760266	0.0031546114504509126
49.0	14.988949176067917	36.767205176635734	28.124445487202337	20.10007846972212	0.01932169037188339
