# Position (bp)	A	C	G	T	N
0.0	26.58793070073558	24.363216221447928	25.050740418118465	23.99806426635695	4.8393341076267905E-5
1.0	25.621685056136272	22.3526664730933	35.12983933410763	16.895809136662795	0.0
2.0	23.867329655439413	25.665916569879982	32.61989450251646	17.84468157181572	0.0021777003484320556
3.0	25.548417537746804	25.962349980642664	30.151664730933025	18.337567750677508	0.0
4.0	17.5515873015873	35.24520905923345	28.563709833526907	18.639421215640727	7.259001161440186E-5
5.0	22.390413279132794	28.663835656213703	25.39312330623306	23.552313201703445	3.145567169957414E-4
6.0	19.89822880371661	26.31508904374758	35.21300329074719	18.57367886178862	0.0
7.0	21.145615563298488	29.392518389469608	27.55436991869919	21.907496128532713	0.0
8.0	18.91301296941541	28.72331107239644	32.51115466511808	19.852376113046844	1.4518002322880372E-4
9.0	19.24857239643825	32.86619241192412	27.45903503677894	20.42620015485869	0.0
10.0	22.146317266744095	28.996346302748744	29.518292682926827	19.33855981416957	4.8393341076267905E-4
11.0	21.734126984126984	28.69826751838947	29.203590785907856	20.364014711575688	0.0
12.0	21.453953735965932	28.587059620596207	28.51042876500194	21.448243321718934	3.145567169957414E-4
13.0	21.340713317847467	28.48661924119241	28.592068331397602	21.580332946186605	2.661633759194735E-4
14.0	21.267136388679926	28.685547010633712	28.644824004264425	21.402468399745548	2.4196676392924018E-5
15.0	21.407976585343192	28.534072332629044	28.76442485910265	21.29352622292511	0.0
16.0	21.23188332154954	28.820744513276008	28.800733837689467	21.14663832748499	0.0
17.0	21.33835915284389	28.62987055724072	28.77962404108409	21.2521462488313	0.0
18.0	21.227195781636997	28.757487681439258	28.954424954776293	21.060117286441983	7.742957054656565E-4
19.0	21.26368599561119	28.624561221820745	28.941151761415973	21.17057682438202	2.4196770069950444E-5
20.0	21.31405494606536	28.575898063773053	29.052066647631857	21.057980342529724	0.0
21.0	21.26402627965983	28.651357513033602	28.909367984440493	21.17512723886935	1.2098399672084974E-4
22.0	21.205867436318833	28.764491470140168	28.84189706870152	21.18774402483948	0.0
23.0	21.204493348899952	28.862422948261155	28.697545837845027	21.2353684872755	1.6937771836114958E-4
24.0	21.099823024438308	28.95154683028881	28.652861250094976	21.295720501532383	4.839364552719312E-5
25.0	21.133243950248417	28.940350703994632	28.660393396879048	21.266011948877907	0.0
26.0	21.13266971014819	28.869060365609773	28.79008180233727	21.208188121904765	0.0
27.0	21.17282767658642	28.821873206406174	28.719423610929635	21.285077008994467	7.984970833079265E-4
28.0	21.160037766510627	28.79657720430066	28.790866737547432	21.25251829164128	0.0
29.0	21.211732595166428	28.69539968447236	28.692979993999167	21.399790938743116	9.678761892778677E-5
30.0	21.337615219666866	28.696550826348894	28.65890042436552	21.306933529618718	0.0
31.0	21.498922268820127	28.58380702853011	28.67839282067463	21.238635912693614	2.4196928151577301E-4
32.0	21.514700498529916	28.49772463910843	28.658803784694502	21.328771077667152	0.0
33.0	20.93834644247954	28.763909059804902	28.78694463573544	21.510412709443475	3.8715253664761717E-4
34.0	19.86686156792269	29.392011161734573	28.892239947288584	21.848548560731977	3.387623221770028E-4
35.0	19.856685967657672	28.51856323968211	30.85672637802373	20.76802441463649	0.0
36.0	20.189714291245313	29.902456848468127	30.832903814370372	19.074828252910443	9.679300573740542E-5
37.0	20.87802184346789	29.938990837010287	29.11111304698809	20.07187427253373	0.0
38.0	20.170953449523793	31.458469303082286	27.923001737750862	20.447575509643055	0.0
39.0	21.085237695417113	30.27649505241418	27.424411446285724	21.213541158642478	3.1464724050739534E-4
40.0	20.973885757852308	27.131014075491965	31.9102951761417	19.984586949880452	2.1804063356793696E-4
41.0	18.536911041757552	29.36595565058179	30.604187081190187	21.492946226470472	0.0
42.0	17.992139263614234	31.40292698074073	25.869163130547236	24.73348595579386	0.0022846693039447886
43.0	17.347542545133642	33.997137472594986	23.997948924875057	24.65729706478719	7.399260912491654E-5
44.0	17.738792192401394	33.052239785361095	24.075073620130325	25.133828618454483	6.578365269652126E-5
45.0	19.615020604531026	29.112230613009444	27.458544472267683	23.81420431019185	0.0
