# Position (bp)	A	C	G	T	N
0.0	28.788989338566566	20.81416920639661	28.525584265568405	21.811977676824732	0.05927951264368798
1.0	28.485699640037073	18.53690452500324	18.25838556147695	34.71595872298485	0.0030515504978828596
2.0	29.82782318044605	21.28622001787648	18.273161861819844	30.61153548575481	0.0012594541028138366
3.0	25.447985926805135	22.705270873671132	16.618555578778427	35.224223914805755	0.003963705939549363
4.0	34.964242403450775	15.43328129266627	16.22287163884731	33.378218559451575	0.0013861055840708692
5.0	36.33272754502996	15.782775834547872	23.595862466446956	24.280562880134823	0.008071273840387201
6.0	32.593305492189856	17.38520435507755	22.259243190587526	27.759835729763232	0.0024112323818412064
7.0	35.237726639626324	17.854272457979665	20.10932282259604	26.796357754054245	0.0023203257437264028
8.0	23.94746507148523	26.718601687860904	20.935445281057156	28.398208620266974	2.793393297411207E-4
9.0	30.775616672019712	19.649385099997787	17.043511014888153	32.528087481346596	0.0033997317477497536
10.0	28.919078944180647	17.802745163354242	25.656439702240334	27.62100452417625	7.316660485162373E-4
11.0	30.104602561606082	19.58905398289474	18.60303248481636	31.700318553629142	0.0029924170536722587
12.0	27.52633761682176	20.45381132126029	22.351320141344466	29.668219366755476	3.1155381800510463E-4
13.0	27.58348038217539	23.683131073859727	18.812781017903163	29.918095678565848	0.0025118474958711837
14.0	32.04677345996057	20.165745395554506	20.389338215296345	27.39740685019646	7.360789921140433E-4
15.0	32.2021951270035	19.083664265122167	19.577282014553234	29.12113527528211	0.01572331803898283
16.0	31.484658000004362	18.951204026207343	19.065278176916266	30.497438829033534	0.0014209678384935367
17.0	31.283112687771524	18.946981721772964	18.92684854919669	30.84225873976198	7.983014968431081E-4
18.0	31.031826881776013	19.027309210200745	19.219151783345087	30.721648578290345	6.354638780840662E-5
19.0	30.98186287134297	19.182376909195824	19.220344591234788	30.612740057760195	0.0026755704662209116
20.0	30.755746512516236	19.26208248428279	19.399446273984147	30.582254308302065	4.7042091476206475E-4
21.0	30.84241987886275	19.232345149667456	19.443609426624253	30.481052301354833	5.732434907065293E-4
22.0	30.770662301888933	19.439921189698925	19.409049835397422	30.377281126252807	0.0030855467619090933
23.0	30.721191451286924	19.44961653819618	19.467026611353308	30.360725003777176	0.0014403953864153426
24.0	30.534613009939783	19.50658414670113	19.440206304003212	30.517873251889988	7.232874658902552E-4
25.0	30.411336114559646	19.54293469904486	19.3572042298809	30.68717413971968	0.0013508167949183587
26.0	30.383314949380463	19.46707919117762	19.35892239651242	30.789573153139997	0.001110309789493737
27.0	30.375964529916562	19.47850614880292	19.252630188712487	30.889437574057894	0.0034615585101445113
28.0	30.452475714342203	19.476018574874246	19.133027347225244	30.938335823445843	1.4254011246459002E-4
29.0	30.53741489309666	19.38830221633946	19.118052510700537	30.95340031589745	0.0028300639658886254
30.0	30.53109093324134	19.316400739849243	19.05213255460012	31.100239410105758	1.363622035374818E-4
31.0	30.66131476110631	19.1860006803554	18.96764397496573	31.184177396724227	8.631868483333708E-4
32.0	30.6323023949434	19.075542452024393	18.955877761699334	31.33503379858265	0.0012435927502231958
33.0	29.751699144249734	19.444675405684944	18.99837208769785	31.789247273999205	0.016006088368267904
34.0	28.21996894763187	20.10066589489922	19.55732028190952	32.12149324534316	5.516302162291155E-4
35.0	28.639037573239793	19.71020293798724	21.817175194331135	29.830936025446825	0.0026482689950039374
36.0	29.747970575485983	20.665943437728274	21.916220765072985	27.669859484742588	5.736970173483242E-6
37.0	30.579091712225235	20.483926230035703	19.97748690782706	28.956589144337936	0.0029060055740673238
38.0	29.57269664222229	22.244410880659384	18.68568456267984	29.49706007471555	1.4783972294041557E-4
39.0	29.94140574359509	21.40969743913462	18.616183270358615	30.028759261539857	0.0039542853718163564
40.0	30.267103576592998	19.116055475022456	23.011470123525925	27.605081746899607	2.8907795901622174E-4
41.0	27.65462861413613	20.536455773617575	22.050370980152774	29.756192235958483	0.002352396135035218
42.0	27.319972431231516	21.189191922759356	17.665830909993836	33.82276527451989	0.0022394614953990455
43.0	26.181910461864145	22.85727241457239	16.68543833759574	34.267189919021014	0.008188866946709849
44.0	28.859866216382635	19.9732299558558	15.652787288397924	35.512435555456115	0.0016809839075294197
45.0	34.017160831590225	16.641171975290437	19.114465431294263	30.222102542991642	0.005099218833430298
46.0	32.74989760890236	17.670634749082247	21.894463395441097	27.68386301632028	0.0011412302540194173
47.0	32.52727875301205	18.40348651688338	19.72594146686107	29.34012906824804	0.003164194995460794
48.0	27.75689858749148	23.454846926084944	19.580158728112167	29.149127617345442	0.05896814096596564
49.0	22.424456213380594	28.637702670665217	20.326093878112353	28.610345147801407	0.001402090040427866
