# Position (bp)	A	C	G	T	N
0.0	19.77316645065193	28.614269987689873	36.69060001482276	14.912608933791033	0.009354613044397806
1.0	20.35184190975103	28.83737976836713	26.268521681914237	24.53764712049645	0.004609519471152543
2.0	20.209398719818942	31.706353725485943	26.639994721648293	21.444072067577363	1.8076546945696248E-4
3.0	17.845664249832343	34.77561582276307	23.75082022331766	23.62789970408693	0.0
4.0	25.87639618729472	24.57660207916443	25.15062282742501	24.39637890611584	0.0
5.0	24.602858263603054	23.485863236461118	35.148173455313874	16.76251755684622	5.87487775735128E-4
6.0	22.94492256911116	26.11328933501807	32.44586526103437	18.493979606039737	0.0019432287966623463
7.0	24.784030455366292	26.452992843495064	30.11213785897763	18.650838842161015	0.0
8.0	17.172809981146163	35.551913131346	28.3871381753172	18.887777181251728	3.6153093891392495E-4
9.0	22.103549691523728	28.69977205474302	25.48372839626683	23.712949857466427	0.0
10.0	19.632033810373407	26.275933066161972	35.335310907569195	18.756586641793337	1.3557410209272182E-4
11.0	20.930652942952225	29.337151100048263	27.629414518720974	22.102781438278534	0.0
12.0	18.665706802023852	28.715860181524683	32.61650786420175	20.001925152249715	0.0
13.0	19.02411953658964	32.9806599024228	27.42749948933755	20.567223966609003	4.971050410066467E-4
14.0	21.93584452723503	29.224624595311305	29.510053271583846	19.329432414502453	4.519136736424062E-5
15.0	21.68955157509992	28.807869805478276	29.226432250005875	20.27614636941593	0.0
16.0	21.431102145143825	28.60703936891159	28.610564295566004	21.350842276704935	4.519136736424061E-4
17.0	21.239942661193087	28.599402027827036	28.664567979566268	21.496087331413605	0.0
18.0	21.15385310636421	28.746454737230277	28.648344278682508	21.451347877723006	0.0
19.0	21.196145350161423	28.649525851316515	28.84913648179146	21.305192316730597	0.0
20.0	21.193976160606795	28.794545211333293	28.880770496129806	21.13070813193011	0.0
21.0	21.36468357370687	28.50656587156759	29.00407898387839	21.12444561339765	2.259574495007696E-4
22.0	21.30359430677353	28.661133719419468	29.230501557977316	20.80409254317484	6.778726548430612E-4
23.0	21.271934284253955	28.616239222379942	29.14787263032452	20.963908671490415	4.519155116835977E-5
24.0	21.03504967909465	28.846864744337726	29.179203561818905	20.93879163160554	9.038314318226394E-5
25.0	20.975958062183658	29.025081344902386	28.85326283441793	21.145697758496024	0.0
26.0	20.894432393347795	29.070544107013742	28.72044468546638	21.314578814172087	0.0
27.0	20.96890817064353	29.04898770788142	28.65613702096891	21.324656543745483	0.0013105567606652205
28.0	21.123698989379513	28.874199599692517	28.712142404258135	21.289959006669832	0.0
29.0	21.28395813806773	28.751472118105674	28.76756034667421	21.196828630539255	1.807666131296214E-4
30.0	21.40354492526879	28.625716683455373	28.886156299018843	21.084582092256994	0.0
31.0	21.460163693576398	28.57664499119439	28.759445641774896	21.20370048169892	4.519175539691241E-5
32.0	21.38926749554409	28.565269577981123	28.77414596582056	21.271316960654232	0.0
33.0	20.73462880136443	28.791738578112437	28.883026006522982	21.590154696037718	4.519179624284444E-4
34.0	19.814071911897692	29.29779631243981	29.141839423605752	21.746292352056745	0.0
35.0	19.963485012134	28.450237031078412	31.154244189462172	20.431581849158754	4.519181666583815E-4
36.0	20.31295333041093	29.9108365457183	30.89412009273361	18.88209003113716	0.0
37.0	21.068346481174846	29.936722246726294	29.18875046095778	19.80618081114108	0.0
38.0	20.423143077422274	31.43538382139342	27.925897538564715	20.21543998618928	1.3557643030874368E-4
39.0	21.201696721437425	30.428907534466347	27.437726472813317	20.931669271282907	0.0
40.0	21.235152182922302	26.866464891971297	32.2061880084006	19.6915622052525	6.327114532975339E-4
41.0	18.846376340003975	29.1409512446445	30.944284758754094	21.06838765659743	0.0
42.0	18.63574591205997	31.15977234712679	26.44406049351303	23.758161530858462	0.0022597164417420246
43.0	17.817668383689234	33.53079770816582	24.98179702976338	23.66896853451062	7.683438709435398E-4
44.0	20.66771404351512	30.10251483469907	24.16592257699915	25.063848544786666	0.0
45.0	23.87709125324627	24.453189210729494	29.88156074455295	21.788113507871422	4.528359986505487E-5
46.0	22.370590152141492	25.322973324393782	33.24434913796846	19.061676056395964	4.1132910029985896E-4
47.0	22.867839418903063	26.47403642266805	30.394404620251326	20.263719538177558	0.0
48.0	19.647768946895393	31.37579803859515	28.922314492735595	20.050202898390495	0.003915623383365787
49.0	14.988793502903189	36.79121093732008	28.1508312521706	20.05184559446022	0.017318713145916605
