# Position (bp)	A	C	G	T	N
0.0	28.955687162042317	20.857189681864465	28.567634252316182	21.560107854066874	0.059381049710165876
1.0	28.522416588682887	18.608583382425945	18.32288713682097	34.54305035352896	0.0030625385412425916
2.0	29.919418998087068	21.391693719194045	18.297128744868647	30.390484914657424	0.0012736231928163325
3.0	25.511070365114264	22.84326674888467	16.66654235010319	34.97511505622266	0.0040054796752115405
4.0	34.9488581548508	15.51281813168018	16.314286394830102	33.22268786234238	0.001349456296536973
5.0	36.354321549565185	15.81328753610588	23.735001890357665	24.089299745185855	0.008089278785413252
6.0	32.56928622053828	17.438049078289648	22.339239538674164	27.650918318995405	0.0025068435025028158
7.0	35.17868591524664	17.9965611303578	20.17625192125033	26.646130316279738	0.002370716865496092
8.0	23.887335677744815	26.891802844273467	20.967311780123186	28.25325631076873	2.9338708980444555E-4
9.0	30.63491489859921	19.89944493151674	17.151803353474108	32.310353466301336	0.003483350108610409
10.0	28.794626351899115	17.92630113817781	25.76407694877029	27.51423723011558	7.583310372064059E-4
11.0	29.95053978500495	19.75522279989643	18.73351779922288	31.557665157911124	0.0030544579646166223
12.0	27.377001689362647	20.649600911508934	22.360221066674903	29.612879215866812	2.9711658670873936E-4
13.0	27.396736322231714	23.885914739424276	18.87838886330454	29.836467527941764	0.0024925470977030227
14.0	31.89055072784613	20.311863266101444	20.463579200168116	27.333300066220943	7.06739663363675E-4
15.0	32.0755766635135	19.233368594483398	19.64028778588272	29.035100582791078	0.015666373329303488
16.0	31.386422821219206	19.100275903208317	19.110468618247754	30.401407989507284	0.0014246678174402315
17.0	31.167602049353576	19.092164869024295	19.001446721575803	30.738018083684043	7.682763622845228E-4
18.0	30.897627497948655	19.194587420924098	19.297125587227935	30.610587390292498	7.21036068163468E-5
19.0	30.821784989437152	19.346561903565327	19.329912166451972	30.49904886216737	0.002692078378180597
20.0	30.600559770343448	19.441886676319747	19.48515827631182	30.471936547716727	4.587293082546642E-4
21.0	30.672812345357386	19.401994805984753	19.546942868940185	30.37768433723023	5.656424874435448E-4
22.0	30.623242258512605	19.5819748070156	19.48315313408501	30.308539272734077	0.0030905276527106204
23.0	30.587018618830346	19.575934832816422	19.555331040571197	30.280271557820175	0.0014439499618565358
24.0	30.417344602793015	19.63168758674431	19.51220884239303	30.438036681562675	7.222865069645202E-4
25.0	30.294337202142678	19.672196648966843	19.42230836285616	30.60978531309623	0.0013724729380876898
26.0	30.27513293125678	19.601736913514692	19.433118992996683	30.688956942813412	0.0010542194184295394
27.0	30.26537140209656	19.626395663263285	19.341223928373545	30.76353430401969	0.0034747022469214916
28.0	30.31606692149876	19.635113456398972	19.22713197793809	30.821541569753286	1.460744108892046E-4
29.0	30.3934553175284	19.554825895499388	19.23064417086067	30.818235175235987	0.002839440875552783
30.0	30.388847530061213	19.47712052900578	19.153346859478823	30.98053279079569	1.522906584947375E-4
31.0	30.52142204818548	19.346315836040986	19.0678398979609	31.063620359874218	8.018579384094409E-4
32.0	30.519375255496193	19.209239730665328	19.035196648890725	31.234938331420313	0.0012500335274407688
33.0	29.619566018037276	19.586240503170607	19.087484738356796	31.69054406992676	0.016164670508568443
34.0	28.087802014872416	20.24471585297782	19.647812897083323	32.019089283117665	5.799519487743673E-4
35.0	28.531584037712893	19.835747032513083	21.920592057199194	29.709396535142968	0.0026803374318564457
36.0	29.620917846378745	20.792481900705504	22.01653971948902	27.570054939018245	5.5944084807204596E-6
37.0	30.44923371995226	20.615014908778743	20.07338845776428	28.85946997241524	0.0028929410894753984
38.0	29.398914451753576	22.455401769042876	18.75519838508207	29.39034118015609	1.4421396538700726E-4
39.0	29.73954859128929	21.604427966363254	18.695294849664972	29.956752019862154	0.003976572820335506
40.0	30.074909194966516	19.24744384368467	23.150001378819645	27.52735775859079	2.878239383828502E-4
41.0	27.484804609557766	20.645021536432427	22.111879289922655	29.7559595972406	0.0023349668465480118
42.0	27.16754082019926	21.362072724412336	17.683449382923076	33.78470898201264	0.002228090452688983
43.0	26.035960930014763	23.01241712744976	16.655037651244324	34.288444550418305	0.008139740872853908
44.0	28.65761637495106	20.190684947364815	15.63651556135599	35.51343683969693	0.0017462766312085415
45.0	33.818131028609876	16.767880175544732	19.137210586793014	30.271720466175893	0.0050577428764817575
46.0	32.50670668136237	17.769768118233976	21.915119374352184	27.807303023038866	0.0011028030126077103
47.0	32.32668066322289	18.517852396563548	19.71975974343381	29.432544428757335	0.0031627680224224565
48.0	27.501214616468957	23.584014786087224	19.57506406327608	29.28046172687721	0.0592448072905286
49.0	22.108669353171955	28.79360939976785	20.263620858393654	28.83268681453775	0.0014135741287969136
