# Position (bp)	A	C	G	T	N
0.0	26.51485606874619	24.40472598526327	25.097519830458253	23.982808048729744	9.006680254744945E-5
1.0	25.54488163871143	22.416276152021954	35.17581490191275	16.863027307353864	0.0
2.0	23.82438054304878	25.732806022226683	32.651107326303915	17.78958953856075	0.002116569859865062
3.0	25.473053363679842	26.014625047397654	30.19160811573944	18.32071347318306	0.0
4.0	17.521460667376992	35.30938397009062	28.5836905232611	18.585329739067465	1.3510020382117416E-4
5.0	22.36507317477373	28.703524404050484	25.421355019017604	23.509416934540347	6.304676178321461E-4
6.0	19.874230716922742	26.36241800543463	35.218686699925335	18.544664577717292	0.0
7.0	21.115531389631688	29.4560775727357	27.55670380721381	21.8716872304188	0.0
8.0	18.870030901919954	28.737749789018512	32.55680738403674	19.835186758018423	2.2516700636862359E-4
9.0	19.1969733951672	32.931305149029036	27.504284928131195	20.367436527672574	0.0
10.0	22.120271605449762	29.02762979301748	29.549476846977402	19.302486654351533	1.3510020382117416E-4
11.0	21.724022707642256	28.71955629490393	29.20803359852002	20.34838739893379	0.0
12.0	21.450309694700557	28.626832521681333	28.515149686522495	21.407257763082878	4.5033401273724717E-4
13.0	21.308319380484505	28.533163047031984	28.624490784815098	21.533486386853127	5.404008152846966E-4
14.0	21.24064374375443	28.749021085998972	28.673229837523916	21.33706029930113	4.503342155380616E-5
15.0	21.344429583395254	28.607159423031025	28.823995640758902	21.22441535281482	0.0
16.0	21.19132528644685	28.841391553246037	28.847426042604397	21.119857117702715	0.0
17.0	21.296443072222964	28.669511584423446	28.832172669335055	21.20187267401854	0.0
18.0	21.214726335537875	28.78022990534846	28.981394833569457	21.022973422091486	6.755034527233147E-4
19.0	21.252699200428722	28.659237626459934	28.984830437298616	21.103187702228936	4.503358379511521E-5
20.0	21.30558781714367	28.610627124742688	29.06353028488721	21.02025477322643	0.0
21.0	21.233678681342834	28.67400234715356	28.95091422801975	21.141179575260676	2.2516822317953744E-4
22.0	21.187203960078573	28.788883174619755	28.879265699404023	21.14464716589764	0.0
23.0	21.182665101296475	28.891257659663484	28.733910034446254	21.191806935274464	3.602693193296649E-4
24.0	21.079357873978694	28.985152851013773	28.69081281712144	21.24458639055626	9.006732983241622E-5
25.0	21.130750801599596	28.960127175126992	28.69803112728321	21.2110908959902	0.0
26.0	21.086935473338873	28.89867623184294	28.8492291341579	21.165159160660284	0.0
27.0	21.129366815668522	28.85748331272286	28.771243572549913	21.240915555307367	9.907437513341265E-4
28.0	21.137382833292953	28.794030678830595	28.827670932569077	21.240915555307367	0.0
29.0	21.213994892263326	28.701724300208102	28.72415114613342	21.35994952608652	1.8013530863708276E-4
30.0	21.31126795892735	28.70235477378833	28.71874708687431	21.267630180410016	0.0
31.0	21.4461989631407	28.625765125068003	28.702998173427147	21.224587399889757	4.5033847439735706E-4
32.0	21.467358507899853	28.548043095668273	28.700843215278393	21.28375518115348	0.0
33.0	20.874363105944404	28.797789008269152	28.826340596124727	21.50105694915926	4.503405024539054E-4
34.0	19.875155144119656	29.409515626097715	28.955071704054376	21.76012242199561	1.3510373264592556E-4
35.0	19.81998494920695	28.59029192323645	30.871599441742575	20.718123685814017	0.0
36.0	20.19848193207335	29.925321578379915	30.850042378720747	19.025928931650917	2.2517917506960288E-4
37.0	20.837412866133377	29.9696365665451	29.142636079252977	20.050314488068548	0.0
38.0	20.159082382623712	31.47594600692951	27.966153221168288	20.398818389278492	0.0
39.0	21.04615209976378	30.332699088814053	27.512292992138608	21.108225178426316	6.306408572391264E-4
40.0	20.94417624671366	27.165582077748635	31.945934223097527	19.943856573654884	4.508787852964821E-4
41.0	18.481215578819857	29.36850905173899	30.703284666899993	21.44699070254116	0.0
42.0	17.976323396146014	31.43423048751382	25.909796272571732	24.677226585610967	0.0024232581574642298
43.0	17.33792134070683	34.03776935072137	24.030025252096348	24.59414634280696	1.377136684947391E-4
44.0	17.733089132043098	33.108958609594715	24.1005378262128	25.057292045936443	1.2238621294833894E-4
45.0	19.612143387188024	29.129287986657555	27.499136708618956	23.759431917535466	0.0
