# Position (bp)	A	C	G	T	N
0.0	19.801064804728785	28.63206621450576	36.64038263831749	14.917123838914526	0.009362503533444843
1.0	20.371457327689424	28.84681863930415	26.235445358088754	24.541642435187168	0.004636239730503936
2.0	20.232010039484557	31.71714616488449	26.602563525486715	21.448100221999365	1.800481448739393E-4
3.0	17.86073095945856	34.78143055453028	23.719092485330577	23.638746000680584	0.0
4.0	25.901771133601127	24.578597316922547	25.113115247017053	24.406516302459277	0.0
5.0	24.631846555769012	23.497723291208068	35.09795519321867	16.771889803333412	5.851564708403027E-4
6.0	22.96617615550398	26.123005291614977	32.40479504219429	18.50408799312936	0.0019355175573948474
7.0	24.804017594304717	26.46901281402647	30.069165494853323	18.65780409681549	0.0
8.0	17.18600053654347	35.56986138093326	28.34975072334342	18.8940272628901	3.600962897478786E-4
9.0	22.1219754162263	28.707686435352812	25.44791477241014	23.722423376010745	0.0
10.0	19.654820699054927	26.294321101462533	35.28646560090168	18.764257562472206	1.3503610865545448E-4
11.0	20.95503837726208	29.348207710741853	27.587516902019598	22.109237009976468	0.0
12.0	18.685891607415822	28.733433320069786	32.56710844479814	20.01356662771625	0.0
13.0	19.038515899151434	32.99751353511929	27.385637919579697	20.577837513751177	4.951323984033331E-4
14.0	21.956061050724966	29.236892945173537	29.46771466690193	19.33928632516335	4.5012036218484824E-5
15.0	21.709800200573635	28.81981141757306	29.183508670218416	20.286879711634892	0.0
16.0	21.45300653394718	28.616357013865507	28.5695895082345	21.360596823590626	4.501203621848482E-4
17.0	21.259454778207694	28.6100103167587	28.625764529435173	21.504770375598433	0.0
18.0	21.175957451022402	28.75751475944668	28.60978525657761	21.456742532953314	0.0
19.0	21.22109771950609	28.659035012225292	28.80784507189335	21.312022196375263	0.0
20.0	21.21700161683525	28.804649211567757	28.841379099253516	21.136970072343473	0.0
21.0	21.38608638193176	28.51988322045785	28.961812585579366	21.13199275124211	2.2506078891908706E-4
22.0	21.32947068829472	28.668931379384695	29.18792179224089	20.813000957409027	6.751826706715502E-4
23.0	21.29699106822547	28.625520397511906	29.106746026208814	20.970697495835246	4.5012218566729936E-5
24.0	21.056815348093146	28.854465529177382	29.138177670508615	20.950451427743204	9.002447765547453E-5
25.0	20.997418095656496	29.035755954224314	28.81375539247107	21.153070557648128	0.0
26.0	20.918061447162785	29.081533442323064	28.677638259717252	21.3227668507969	0.0
27.0	20.990036081843126	29.058352118457915	28.614711093186223	21.335595350411594	0.001305356101144392
28.0	21.147093443283378	28.88628317687808	28.670359175644744	21.296264204193797	0.0
29.0	21.30689669762614	28.761972151777943	28.726727505318205	21.204223595998226	1.8004927948779583E-4
30.0	21.427179261194457	28.63342985479469	28.847103433406268	21.092287450604584	0.0
31.0	21.484833739870517	28.586938565697206	28.72107558080652	21.207107101204578	4.501242117762397E-5
32.0	21.41138310629058	28.57232238990857	28.735312440358513	21.280982063442337	0.0
33.0	20.75700157588628	28.79829780874835	28.845785955841873	21.59846453490649	4.501246170002165E-4
34.0	19.83541643504004	29.3062634390331	29.1053278100042	21.75299231592266	0.0
35.0	19.98491181604659	28.462427631182123	31.11127715715568	20.44093327079599	4.501248196124785E-4
36.0	20.333533488836455	29.923307733234427	30.853130573107922	18.890028204821196	0.0
37.0	21.08984515664386	29.95156643860281	29.14516564638099	19.813422758372347	0.0
38.0	20.444411435053272	31.447296755927063	27.88435309845651	20.223803672144726	1.3503841843004336E-4
39.0	21.222261534043287	30.442789146696413	27.39573289688209	20.93921642237821	0.0
40.0	21.25513444653761	26.887551963412353	32.15904461594903	19.69763877353968	6.302005613286429E-4
41.0	18.865035093468546	29.15814388142045	30.90138357215138	21.075437452959626	0.0
42.0	18.654295351348626	31.16971860689458	26.408124662669035	23.765610630376194	0.0022507487115589002
43.0	17.83852015448145	33.536646578435715	24.943694580859443	23.680373391699796	7.652945235974064E-4
44.0	20.685832189919434	30.105296149078058	24.13021364090154	25.07865802010097	0.0
45.0	23.90165179590294	24.456881099741913	29.839132344835733	21.80228965559546	4.51039239511759E-5
46.0	22.39768714661136	25.329768701004703	33.19928786257259	19.07284659683981	4.0969297153498757E-4
47.0	22.887028290416094	26.48869034892033	30.3535361414218	20.27074521924178	0.0
48.0	19.664174618920413	31.393836838932103	28.877348855178287	20.06073964907	0.0039000378991918203
49.0	15.005780558970876	36.811608830491984	28.10801387334153	20.057346815187273	0.017249922008331343
