# Position (bp)	A	C	G	T	N
0.0	19.857073155338274	28.512764619780125	36.69942882665508	14.92109651688639	0.009636881340133362
1.0	20.404797564806206	28.745918889986626	26.25814704861406	24.587665277369837	0.0034712192232722186
2.0	20.233566932631643	31.66140319789105	26.617915860558938	21.48643432962989	6.79679288472882E-4
3.0	17.888212176454452	34.71685289070029	23.705077447027495	23.689857485817765	0.0
4.0	25.916972320060978	24.534116259142294	25.116819877706277	24.432091543090454	0.0
5.0	24.671994057661077	23.424248529586684	35.1002405579196	16.803201289448708	3.155653839338381E-4
6.0	22.956143693911287	26.08533858951983	32.42599384890244	18.530776120924656	0.001747746741787411
7.0	24.84414711172714	26.39641323529769	30.084668619935478	18.674771033039693	0.0
8.0	17.193385749552746	35.528317138356	28.360419362120986	18.917683555887844	1.9419408242082344E-4
9.0	22.12870698297646	28.656953725977587	25.457145007148767	23.757194283897185	0.0
10.0	19.66882626669159	26.229163581812752	35.30276071162422	18.798739680405088	5.097594663546615E-4
11.0	20.947157362747262	29.284661823142592	27.637871729953712	22.130309084156433	0.0
12.0	18.70613337735066	28.66326503365626	32.591058818960136	20.039518495772636	2.427426030260293E-5
13.0	19.050390936962174	32.94255010814183	27.372068579640207	20.634723358392463	2.670168633286322E-4
14.0	21.958544418255215	29.15945518850177	29.488274318560826	19.393701800421887	2.427426030260293E-5
15.0	21.713835600144673	28.767377336094125	29.21421791974444	20.30456914401676	0.0
16.0	21.44128420546705	28.607361412179365	28.565755330020703	21.385283486948943	3.155653839338381E-4
17.0	21.282312074745303	28.527766112647136	28.64695273073291	21.542969081874652	0.0
18.0	21.177422995977754	28.71814913620045	28.62644098077721	21.477986887044583	0.0
19.0	21.235871759929275	28.594960755765264	28.766725588445052	21.40244189586041	0.0
20.0	21.206135762185813	28.7558507092703	28.87892132850243	21.15909220004146	0.0
21.0	21.406414192892825	28.49468016544393	28.940817553621322	21.157966716534172	1.213715077472647E-4
22.0	21.318483923118375	28.63267614659747	29.199991261245078	20.848047616504594	8.010525344816705E-4
23.0	21.29326964390007	28.601015541898267	29.117962197062123	20.98772834278496	2.4274354581323215E-5
24.0	21.082602755820265	28.818479201237412	29.122588463073352	20.976281031136242	4.8548732732429483E-5
25.0	20.991885556932182	29.00444901018748	28.813603756510393	21.19006167636995	0.0
26.0	20.93283612885435	29.048059916991253	28.657751811719972	21.361352142434423	0.0
27.0	20.995609731704747	29.007109001288	28.605270555199265	21.391064010140873	9.467016671173613E-4
28.0	21.122982645012275	28.837680677450166	28.70072446969522	21.338612207842335	0.0
29.0	21.27664997476674	28.7241874927025	28.748801753972447	21.250263680880714	9.70976775934729E-5
30.0	21.436939169746687	28.588306232555794	28.83554125414304	21.139213343554488	0.0
31.0	21.512949453776088	28.52771026780556	28.732465343352537	21.226826386144527	4.854892129151782E-5
32.0	21.42812061694057	28.570131621044414	28.701238046642914	21.3005097153721	0.0
33.0	20.78532849461713	28.79188260853734	28.825624157978417	21.596776346931097	3.883919360124285E-4
34.0	19.811658994710342	29.305562332187336	29.084567266950824	21.7982114061515	0.0
35.0	20.001034094282698	28.396471747985885	31.13536512631122	20.466910560797096	2.1847062310491905E-4
36.0	20.32692437467624	29.862101309221938	30.894787920804866	18.916186395296958	0.0
37.0	21.088637166904235	29.915553596327353	29.158987808335695	19.836821428432717	0.0
38.0	20.427865382374648	31.427957626131196	27.861231405600652	20.28260574047462	3.3984541888375344E-4
39.0	21.24174129451059	30.370431327939883	27.38881319091595	20.999014186633573	0.0
40.0	21.253994564188314	26.838470554077976	32.17089209263214	19.736327205179073	3.1558392250424094E-4
41.0	18.907702765032894	29.097856431918046	30.895928919962127	21.098511883086932	0.0
42.0	18.65452794040106	31.13150200472511	26.410541872973546	23.801364708487043	0.0020634734132374977
43.0	17.848552979800445	33.48217829786521	24.92040035435347	23.74847992899335	3.8843898752406806E-4
44.0	20.6928340061111	30.040041245785932	24.139397351080223	25.12772739702275	0.0
45.0	23.93101770772524	24.46132516053707	29.793393656353377	21.814239151585912	2.4323798404358825E-5
46.0	22.423688247928812	25.26915004602639	33.19722614298865	19.10949370972691	4.4185332924209883E-4
47.0	22.880839256490564	26.453340630986354	30.335728329360368	20.32964640198818	4.453811745295414E-4
48.0	19.65311239787781	31.335039968011735	28.898730713139386	20.10994976595219	0.003167155018876739
49.0	14.975865730921456	36.74411538526251	28.16801251795101	20.092607896562612	0.019398469302417187
